[LEFT_CAM_2K]
fx=1059.44
fy=1058.17
cx=1116.61
cy=622.383
k1=-0.0407346
k2=0.00967641
k3=-0.00477628
p1=-0.000904016
p2=-0.000297591

[RIGHT_CAM_2K]
fx=1060.7
fy=1059.3
cx=1113.13
cy=597.431
k1=-0.0434399
k2=0.0132696
k3=-0.00601132
p1=-0.000889036
p2=-0.000951038

[LEFT_CAM_FHD]
fx=1059.44
fy=1058.17
cx=972.61
cy=541.383
k1=-0.0407346
k2=0.00967641
k3=-0.00477628
p1=-0.000904016
p2=-0.000297591

[RIGHT_CAM_FHD]
fx=1060.7
fy=1059.3
cx=969.13
cy=516.431
k1=-0.0434399
k2=0.0132696
k3=-0.00601132
p1=-0.000889036
p2=-0.000951038

[LEFT_CAM_HD]
fx=529.72
fy=529.085
cx=644.805
cy=359.1915
k1=-0.0407346
k2=0.00967641
k3=-0.00477628
p1=-0.000904016
p2=-0.000297591

[RIGHT_CAM_HD]
fx=530.35
fy=529.65
cx=643.065
cy=346.7155
k1=-0.0434399
k2=0.0132696
k3=-0.00601132
p1=-0.000889036
p2=-0.000951038

[LEFT_CAM_VGA]
fx=264.86
fy=264.5425
cx=337.9025
cy=187.09575
k1=-0.0407346
k2=0.00967641
k3=-0.00477628
p1=-0.000904016
p2=-0.000297591

[RIGHT_CAM_VGA]
fx=265.175
fy=264.825
cx=337.0325
cy=180.85775
k1=-0.0434399
k2=0.0132696
k3=-0.00601132
p1=-0.000889036
p2=-0.000951038

[STEREO]
Baseline=119.711
TY=0.030605
TZ=-0.00713508
CV_2K=0.0065424
CV_FHD=0.0065424
CV_HD=0.0065424
CV_VGA=0.0065424
RX_2K=-0.00508323
RX_FHD=-0.00508323
RX_HD=-0.00508323
RX_VGA=-0.00508323
RZ_2K=-0.000166435
RZ_FHD=-0.000166435
RZ_HD=-0.000166435
RZ_VGA=-0.000166435
